healthcare spending,2010,2011,2012,2013,2014,2015,2016,2017,2018,Notes,,,,,,,,,
Argentina,891,1068,1161,1208,1087,1299,955,966,949,USD/person,,,,,,,,,
Australia,3595,3809,3854,4091,4191,4381,4566,4791,5005,USD/person,,,,,,,,,
Brazil,987,1045,1096,1186,1282,1279,1282,1331,1378,USD/person,,,,,,,,,
Canada,4167,4227,4286,4366,4464,4551,4698,4812,4974,USD/person,,,,,,,,,
China,352,416,482,541,590,641,688,744,799,USD/person,,,,,,,,,
France,4048,4168,4306,4557,4642,4676,4844,4931,4965,USD/person,,,,,,,,,
Germany,4412,4558,4734,4948,5142,5291,5550,5848,5986,USD/person,,,,,,,,,
India,146,152,163,188,190,194,209,219,231,USD/person,,,,,,,,,
Indonesia,213,234,244,259,285,278,301,315,329,USD/person,,,,,,,,,
Italy,3103,3098,3111,3089,3075,3129,3264,3376,3428,USD/person,,,,,,,,,
Japan,3170,3741,3971,4308,4328,4517,4513,4630,4766,USD/person,,,,,,,,,
Korea,1890,1977,2080,2135,2236,2488,2678,2870,3192,USD/person,,,,,,,,,
Mexico,927,940,1004,1028,1004,1075,1066,1105,1138,USD/person,,,,,,,,,
Russia,1205,1359,1499,1405,1509,1425,1419,1514,1539,USD/person,,,,,,,,,
Saudi Arabia,703,882,1017,1113,1285,1244,1147,1221,1278,USD/person,,,,,,,,,
South Africa,865,922,972,996,1039,1075,1072,1106,1137,USD/person,,,,,,,,,
Turkey,843,888,895,948,1007,1040,1127,1186,1227,USD/person,,,,,,,,,
United Kingdom,2871,2910,2968,3574,3668,3703,3833,3943,4070,USD/person,,,,,,,,,
United States,7939,8154,8423,8629,9042,9505,9904,10207,10586,USD/person,,,,,,,,,
,,,,,,,,,,,,,,,,,,,
,Argentina,Australia,Brazil,Canada,China,France,Germany,India,Indonesia,Italy,Japan,Korea,Mexico,Russia,Saudi Arabia,South Africa,Turkey,United Kingdom,United States
2010,891,3595,987,4167,352,4048,4412,146,213,3103,3170,1890,927,1205,703,865,843,2871,7939
2011,1068,3809,1045,4227,416,4168,4558,152,234,3098,3741,1977,940,1359,882,922,888,2910,8154
2012,1161,3854,1096,4286,482,4306,4734,163,244,3111,3971,2080,1004,1499,1017,972,895,2968,8423
2013,1208,4091,1186,4366,541,4557,4948,188,259,3089,4308,2135,1028,1405,1113,996,948,3574,8629
2014,1087,4191,1282,4464,590,4642,5142,190,285,3075,4328,2236,1004,1509,1285,1039,1007,3668,9042
2015,1299,4381,1279,4551,641,4676,5291,194,278,3129,4517,2488,1075,1425,1244,1075,1040,3703,9505
2016,955,4566,1282,4698,688,4844,5550,209,301,3264,4513,2678,1066,1419,1147,1072,1127,3833,9904
2017,966,4791,1331,4812,744,4931,5848,219,315,3376,4630,2870,1105,1514,1221,1106,1186,3943,10207
2018,949,5005,1378,4974,799,4965,5986,231,329,3428,4766,3192,1138,1539,1278,1137,1227,4070,10586
,,,,,,,,,,,,,,,,,,,
Population Count,,,,,,,,,,,,,,,,,,,
Argentina,40788453,41261490,41733271,42202935,42669500,43131966,43590368,44044811,44494502,,,,,,,,,,
Australia,22031750,22340024,22733465,23128129,23475686,23815995,24190907,24601860,24992369,,,,,,,,,,
Brazil,195713635,197514534,199287296,201035903,202763735,204471769,206163058,207833831,209469333,,,,,,,,,,
Canada,34004889,34339328,34714222,35082954,35437435,35702908,36109487,36540268,37058856,,,,,,,,,,
China,1337705000,1344130000,1350695000,1357380000,1364270000,1371220000,1378665000,1386395000,1392730000,,,,,,,,,,
France,65027507,65342780,65659809,65998687,66316100,66593366,66859768,66865144,66987244,,,,,,,,,,
Germany,81776930,80274983,80425823,80645605,80982500,81686611,82348669,82657002,82927922,,,,,,,,,,
India,1234281170,1250288729,1265782790,1280846129,1295604184,1310152403,1324509589,1338658835,1352617328,,,,,,,,,,
Indonesia,241834215,245116206,248452413,251806402,255129004,258383256,261554226,264645886,267663435,,,,,,,,,,
Italy,59277417,59379449,59539717,60233948,60789140,60730582,60627498,60536709,60431283,,,,,,,,,,
Japan,128070000,127833000,127629000,127445000,127276000,127141000,126994511,126785797,126529100,,,,,,,,,,
Korea,49554112,49936638,50199853,50428893,50746659,51014947,51245707,51466201,51635256,,,,,,,,,,
Mexico,114092963,115695473,117274155,118827161,120355128,121858258,123333376,124777324,126190788,,,,,,,,,,
Russia,142849449,142960868,143201676,143506911,143819666,144096870,144342396,144496740,144478050,,,,,,,,,,
Saudi Arabia,27421461,28267685,29155187,30052518,30916994,31717667,32442572,33099147,33699947,,,,,,,,,,
South Africa,51216964,52004172,52834005,53689236,54545991,55386367,56203654,57000451,57779622,,,,,,,,,,
Turkey,72326988,73443863,74653016,75928564,77231907,78529409,79821724,81101892,82319724,,,,,,,,,,
United Kingdom,62766365,63258918,63700300,64128226,64613160,65128861,65595565,66058859,66488991,,,,,,,,,,
United States,309326085,311580009,313874218,316057727,318386421,320742673,323071342,325147121,327167434,,,,,,,,,,
,,,,,,,,,,,,,,,,,,,
Healthcare Spending Nominal,,,,,,,,,,,,,,,,,,,
Argentina,36,44,48,51,46,56,42,43,42,Billions,,,,,,,,,
Australia,79,85,88,95,98,104,110,118,125,Billions,,,,,,,,,
Brazil,193,206,219,238,260,262,264,277,289,Billions,,,,,,,,,
Canada,142,145,149,153,158,162,170,176,184,Billions,,,,,,,,,
China,471,559,651,734,804,878,949,1032,1112,Billions,,,,,,,,,
France,263,272,283,301,308,311,324,330,333,Billions,,,,,,,,,
Germany,361,366,381,399,416,432,457,483,496,Billions,,,,,,,,,
India,180,190,207,241,246,254,277,294,312,Billions,,,,,,,,,
Indonesia,51,57,61,65,73,72,79,83,88,Billions,,,,,,,,,
Italy,184,184,185,186,187,190,198,204,207,Billions,,,,,,,,,
Japan,406,478,507,549,551,574,573,587,603,Billions,,,,,,,,,
Korea,94,99,104,108,113,127,137,148,165,Billions,,,,,,,,,
Mexico,106,109,118,122,121,131,131,138,144,Billions,,,,,,,,,
Russia,172,194,215,202,217,205,205,219,222,Billions,,,,,,,,,
Saudi Arabia,19,25,30,33,40,39,37,40,43,Billions,,,,,,,,,
South Africa,44,48,51,53,57,60,60,63,66,Billions,,,,,,,,,
Turkey,61,65,67,72,78,82,90,96,101,Billions,,,,,,,,,
United Kingdom,180,184,189,229,237,241,251,260,271,Billions,,,,,,,,,
United States,2456,2541,2644,2727,2879,3049,3200,3319,3463,Billions,,,,,,,,,
,,,,,,,,,,,,,,,,,,,
Healthcare Nominal,Argentina,Australia,Brazil,Canada,China,France,Germany,India,Indonesia,Italy,Japan,Korea,Mexico,Russia,Saudi Arabia,South Africa,Turkey,United Kingdom,United States
2010,36,79,193,142,471,263,361,180,51,184,406,94,106,172,19,44,61,180,2456
2011,44,85,206,145,559,272,366,190,57,184,478,99,109,194,25,48,65,184,2541
2012,48,88,219,149,651,283,381,207,61,185,507,104,118,215,30,51,67,189,2644
2013,51,95,238,153,734,301,399,241,65,186,549,108,122,202,33,53,72,229,2727
2014,46,98,260,158,804,308,416,246,73,187,551,113,121,217,40,57,78,237,2879
2015,56,104,262,162,878,311,432,254,72,190,574,127,131,205,39,60,82,241,3049
2016,42,110,264,170,949,324,457,277,79,198,573,137,131,205,37,60,90,251,3200
2017,43,118,277,176,1032,330,483,294,83,204,587,148,138,219,40,63,96,260,3319
2018,42,125,289,184,1112,333,496,312,88,207,603,165,144,222,43,66,101,271,3463
,,,,,,,,,,,,,,,,,,,
GDP,,,,,,,,,,,,,,,,,,,
Argentina,4.24E+11,5.30E+11,5.46E+11,5.52E+11,5.26E+11,5.95E+11,5.58E+11,6.43E+11,5.20E+11,,,,,,,,,,
Australia,1.15E+12,1.40E+12,1.55E+12,1.58E+12,1.47E+12,1.35E+12,1.21E+12,1.33E+12,1.43E+12,,,,,,,,,,
Brazil,2.21E+12,2.62E+12,2.47E+12,2.47E+12,2.46E+12,1.80E+12,1.80E+12,2.05E+12,1.87E+12,,,,,,,,,,
Canada,1.61E+12,1.79E+12,1.82E+12,1.84E+12,1.80E+12,1.55E+12,1.53E+12,1.65E+12,1.71E+12,,,,,,,,,,
China,6.09E+12,7.55E+12,8.53E+12,9.57E+12,1.04E+13,1.10E+13,1.11E+13,1.21E+13,1.36E+13,,,,,,,,,,
France,3.40E+12,3.74E+12,3.53E+12,3.73E+12,3.88E+12,3.36E+12,3.47E+12,3.66E+12,3.95E+12,,,,,,,,,,
Germany,2.64E+12,2.86E+12,2.68E+12,2.81E+12,2.85E+12,2.44E+12,2.47E+12,2.59E+12,2.78E+12,,,,,,,,,,
India,1.68E+12,1.82E+12,1.83E+12,1.86E+12,2.04E+12,2.10E+12,2.29E+12,2.65E+12,2.72E+12,,,,,,,,,,
Indonesia,7.55E+11,8.93E+11,9.18E+11,9.13E+11,8.91E+11,8.61E+11,9.32E+11,1.02E+12,1.04E+12,,,,,,,,,,
Italy,2.13E+12,2.29E+12,2.09E+12,2.14E+12,2.16E+12,1.84E+12,1.88E+12,1.96E+12,2.08E+12,,,,,,,,,,
Japan,5.70E+12,6.16E+12,6.20E+12,5.16E+12,4.85E+12,4.39E+12,4.93E+12,4.86E+12,4.97E+12,,,,,,,,,,
Korea,1.09E+12,1.20E+12,1.22E+12,1.31E+12,1.41E+12,1.38E+12,1.41E+12,1.53E+12,1.62E+12,,,,,,,,,,
Mexico,1.06E+12,1.18E+12,1.20E+12,1.27E+12,1.31E+12,1.17E+12,1.08E+12,1.16E+12,1.22E+12,,,,,,,,,,
Russia,1.52E+12,2.05E+12,2.21E+12,2.30E+12,2.06E+12,1.36E+12,1.28E+12,1.58E+12,1.66E+12,,,,,,,,,,
Saudi Arabia,5.28E+11,6.71E+11,7.36E+11,7.47E+11,7.56E+11,6.54E+11,6.45E+11,6.89E+11,7.87E+11,,,,,,,,,,
South Africa,3.75E+11,4.16E+11,3.96E+11,3.67E+11,3.51E+11,3.18E+11,2.96E+11,3.50E+11,3.68E+11,,,,,,,,,,
Turkey,7.72E+11,8.33E+11,8.74E+11,9.51E+11,9.34E+11,8.60E+11,8.64E+11,8.53E+11,7.71E+11,,,,,,,,,,
United Kingdom,2.48E+12,2.66E+12,2.70E+12,2.79E+12,3.06E+12,2.93E+12,2.69E+12,2.67E+12,2.86E+12,,,,,,,,,,
United States,1.50E+13,1.55E+13,1.62E+13,1.68E+13,1.75E+13,1.82E+13,1.87E+13,1.95E+13,2.05E+13,,,,,,,,,,
,,,,,,,,,,,,,,,,,,,
GDP% HC,,,,,,,,,,,,,,,,,,,
Argentina',9%,8%,9%,9%,9%,9%,7%,7%,8%,,,,,,,,,,
Australia',7%,6%,6%,6%,7%,8%,9%,9%,9%,,,,,,,,,,
Brazil,9%,8%,9%,10%,11%,15%,15%,13%,15%,,,,,,,,,,
Canada,9%,8%,8%,8%,9%,10%,11%,11%,11%,,,,,,,,,,
China,8%,7%,8%,8%,8%,8%,9%,8%,8%,,,,,,,,,,
France,8%,7%,8%,8%,8%,9%,9%,9%,8%,,,,,,,,,,
Germany,14%,13%,14%,14%,15%,18%,18%,19%,18%,,,,,,,,,,
India,11%,10%,11%,13%,12%,12%,12%,11%,11%,,,,,,,,,,
Indonesia,7%,6%,7%,7%,8%,8%,8%,8%,8%,,,,,,,,,,
Italy,9%,8%,9%,9%,9%,10%,11%,10%,10%,,,,,,,,,,
Japan,7%,8%,8%,11%,11%,13%,12%,12%,12%,,,,,,,,,,
Korea,9%,8%,9%,8%,8%,9%,10%,10%,10%,,,,,,,,,,
Mexico,10%,9%,10%,10%,9%,11%,12%,12%,12%,,,,,,,,,,
Russia,11%,9%,10%,9%,11%,15%,16%,14%,13%,,,,,,,,,,
Saudi Arabia,4%,4%,4%,4%,5%,6%,6%,6%,5%,,,,,,,,,,
South Africa,12%,12%,13%,15%,16%,19%,20%,18%,18%,,,,,,,,,,
Turkey,8%,8%,8%,8%,8%,10%,10%,11%,13%,,,,,,,,,,
United Kingdom,7%,7%,7%,8%,8%,8%,9%,10%,9%,,,,,,,,,,
United States,16%,16%,16%,16%,16%,17%,17%,17%,17%,,,,,,,,,,
,,,,,,,,,,,,,,,,,,,
GDP% HC,Argentina',Australia',Brazil,Canada,China,France,Germany,India,Indonesia,Italy,Japan,Korea,Mexico,Russia,Saudi Arabia,South Africa,Turkey,United Kingdom,United States
2010,0.09,0.07,0.09,0.09,0.08,0.08,0.14,0.11,0.07,0.09,0.07,0.09,0.1,0.11,0.04,0.12,0.08,0.07,0.16
2011,0.08,0.06,0.08,0.08,0.07,0.07,0.13,0.1,0.06,0.08,0.08,0.08,0.09,0.09,0.04,0.12,0.08,0.07,0.16
2012,0.09,0.06,0.09,0.08,0.08,0.08,0.14,0.11,0.07,0.09,0.08,0.09,0.1,0.1,0.04,0.13,0.08,0.07,0.16
2013,0.09,0.06,0.1,0.08,0.08,0.08,0.14,0.13,0.07,0.09,0.11,0.08,0.1,0.09,0.04,0.15,0.08,0.08,0.16
2014,0.09,0.07,0.11,0.09,0.08,0.08,0.15,0.12,0.08,0.09,0.11,0.08,0.09,0.11,0.05,0.16,0.08,0.08,0.16
2015,0.09,0.08,0.15,0.1,0.08,0.09,0.18,0.12,0.08,0.1,0.13,0.09,0.11,0.15,0.06,0.19,0.1,0.08,0.17
2016,0.07,0.09,0.15,0.11,0.09,0.09,0.18,0.12,0.08,0.11,0.12,0.1,0.12,0.16,0.06,0.2,0.1,0.09,0.17
2017,0.07,0.09,0.13,0.11,0.08,0.09,0.19,0.11,0.08,0.1,0.12,0.1,0.12,0.14,0.06,0.18,0.11,0.1,0.17
2018,0.08,0.09,0.15,0.11,0.08,0.08,0.18,0.11,0.08,0.1,0.12,0.1,0.12,0.13,0.05,0.18,0.13,0.09,0.17
,,,,,,,,,,,,,,,,,,,
Military Nominal,,,,,,,,,,,,,,,,,,,
Country Name,2010,2011,2012,2013,2014,2015,2016,2017,2018,,,,,,,,,,
Argentina,3.48E+09,4.05E+09,4.56E+09,5.14E+09,4.98E+09,5.48E+09,4.51E+09,5.46E+09,4.14E+09,,,,,,,,,,
Australia,2.32E+10,2.66E+10,2.62E+10,2.48E+10,2.58E+10,2.40E+10,2.64E+10,2.77E+10,2.67E+10,,,,,,,,,,
Brazil,3.40E+10,3.69E+10,3.40E+10,3.29E+10,3.27E+10,2.46E+10,2.42E+10,2.93E+10,2.78E+10,,,,,,,,,,
Canada,1.93E+10,2.14E+10,2.05E+10,1.85E+10,1.79E+10,1.79E+10,1.78E+10,2.13E+10,2.16E+10,,,,,,,,,,
China,1.16E+11,1.38E+11,1.57E+11,1.80E+11,2.01E+11,2.14E+11,2.16E+11,2.28E+11,2.50E+11,,,,,,,,,,
France,6.18E+10,6.46E+10,6.00E+10,6.24E+10,6.36E+10,5.53E+10,5.74E+10,6.04E+10,6.38E+10,,,,,,,,,,
Germany,4.63E+10,4.81E+10,4.65E+10,4.59E+10,4.61E+10,3.98E+10,4.16E+10,4.54E+10,4.95E+10,,,,,,,,,,
India,4.61E+10,4.96E+10,4.72E+10,4.74E+10,5.09E+10,5.13E+10,5.66E+10,6.46E+10,6.65E+10,,,,,,,,,,
Indonesia,4.66E+09,5.84E+09,6.53E+09,8.38E+09,6.93E+09,7.64E+09,7.39E+09,8.18E+09,7.44E+09,,,,,,,,,,
Italy,3.22E+10,3.41E+10,3.00E+10,3.01E+10,2.78E+10,2.22E+10,2.51E+10,2.67E+10,2.78E+10,,,,,,,,,,
Japan,5.47E+10,6.08E+10,6.00E+10,4.90E+10,4.69E+10,4.21E+10,4.65E+10,4.54E+10,4.66E+10,,,,,,,,,,
"Korea, Rep.",2.82E+10,3.10E+10,3.20E+10,3.43E+10,3.76E+10,3.66E+10,3.69E+10,3.92E+10,4.31E+10,,,,,,,,,,
Mexico,5.90E+09,6.47E+09,6.98E+09,7.84E+09,8.66E+09,7.74E+09,6.02E+09,5.78E+09,6.57E+09,,,,,,,,,,
Russian Federation,5.87E+10,7.02E+10,8.15E+10,8.84E+10,8.47E+10,6.64E+10,6.92E+10,6.65E+10,6.14E+10,,,,,,,,,,
Saudi Arabia,4.52E+10,4.85E+10,5.65E+10,6.70E+10,8.08E+10,8.72E+10,6.37E+10,7.04E+10,6.76E+10,,,,,,,,,,
South Africa,4.19E+09,4.59E+09,4.49E+09,4.12E+09,3.89E+09,3.49E+09,3.17E+09,3.64E+09,3.64E+09,,,,,,,,,,
Turkey,1.79E+10,1.73E+10,1.80E+10,1.87E+10,1.78E+10,1.59E+10,1.79E+10,1.78E+10,1.90E+10,,,,,,,,,,
United Kingdom,5.81E+10,6.03E+10,5.85E+10,5.69E+10,5.92E+10,5.39E+10,4.81E+10,4.64E+10,5.00E+10,,,,,,,,,,
United States,6.98E+11,7.11E+11,6.85E+11,6.40E+11,6.10E+11,5.96E+11,6.00E+11,6.06E+11,6.49E+11,,,,,,,,,,
,,,,,,,,,,,,,,,,,,,
Military Nominal rounded,,,,,,,,,,,,,,,,,,,
Argentina,3,4,5,5,5,5,5,5,4,Billion USD,,,,,,,,,
Australia,23,27,26,25,26,24,26,28,27,Billion USD,,,,,,,,,
Brazil,34,37,34,33,33,25,24,29,28,Billion USD,,,,,,,,,
Canada,19,21,20,19,18,18,18,21,22,Billion USD,,,,,,,,,
China,116,138,157,180,201,214,216,228,250,Billion USD,,,,,,,,,
France,62,65,60,62,64,55,57,60,64,Billion USD,,,,,,,,,
Germany,46,48,46,46,46,40,42,45,49,Billion USD,,,,,,,,,
India,46,50,47,47,51,51,57,65,67,Billion USD,,,,,,,,,
Indonesia,5,6,7,8,7,8,7,8,7,Billion USD,,,,,,,,,
Italy,32,34,30,30,28,22,25,27,28,Billion USD,,,,,,,,,
Japan,55,61,60,49,47,42,46,45,47,Billion USD,,,,,,,,,
"Korea, Rep.",28,31,32,34,38,37,37,39,43,Billion USD,,,,,,,,,
Mexico,6,6,7,8,9,8,6,6,7,Billion USD,,,,,,,,,
Russian Federation,59,70,81,88,85,66,69,67,61,Billion USD,,,,,,,,,
Saudi Arabia,45,49,56,67,81,87,64,70,68,Billion USD,,,,,,,,,
South Africa,4,5,4,4,4,3,3,4,4,Billion USD,,,,,,,,,
Turkey,18,17,18,19,18,16,18,18,19,Billion USD,,,,,,,,,
United Kingdom,58,60,58,57,59,54,48,46,50,Billion USD,,,,,,,,,
United States,698,711,685,640,610,596,600,606,649,Billion USD,,,,,,,,,
,,,,,,,,,,,,,,,,,,,
Argentina,Australia,Brazil,Canada,China,France,Germany,India,Indonesia,Italy,Japan,"Korea, Rep.",Mexico,Russian Federation,Saudi Arabia,South Africa,Turkey,United Kingdom,United States,
3,23,34,19,116,62,46,46,5,32,55,28,6,59,45,4,18,58,698,
4,27,37,21,138,65,48,50,6,34,61,31,6,70,49,5,17,60,711,
5,26,34,20,157,60,46,47,7,30,60,32,7,81,56,4,18,58,685,
5,25,33,19,180,62,46,47,8,30,49,34,8,88,67,4,19,57,640,
5,26,33,18,201,64,46,51,7,28,47,38,9,85,81,4,18,59,610,
5,24,25,18,214,55,40,51,8,22,42,37,8,66,87,3,16,54,596,
5,26,24,18,216,57,42,57,7,25,46,37,6,69,64,3,18,48,600,
5,28,29,21,228,60,45,65,8,27,45,39,6,67,70,4,18,46,606,
4,27,28,22,250,64,49,67,7,28,47,43,7,61,68,4,19,50,649,
,,,,,,,,,,,,,,,,,,,
Military GDP%,,,,,,,,,,,,,,,,,,,
Argentina,0.82,0.76,0.84,0.93,0.95,0.92,0.81,0.85,0.8,,,,,,,,,,
Australia,2.03,1.9,1.7,1.58,1.76,1.78,2.18,2.08,1.86,,,,,,,,,,
Brazil,1.54,1.41,1.38,1.33,1.33,1.37,1.35,1.43,1.49,,,,,,,,,,
Canada,1.2,1.2,1.12,1.01,0.99,1.16,1.16,1.3,1.26,,,,,,,,,,
China,1.9,1.83,1.84,1.88,1.92,1.94,1.94,1.88,1.84,,,,,,,,,,
France,1.82,1.73,1.7,1.67,1.64,1.65,1.65,1.65,1.62,,,,,,,,,,
Germany,1.75,1.68,1.73,1.63,1.62,1.63,1.68,1.75,1.78,,,,,,,,,,
India,2.75,2.72,2.58,2.55,2.5,2.44,2.47,2.43,2.45,,,,,,,,,,
Indonesia,0.62,0.65,0.71,0.92,0.78,0.89,0.79,0.81,0.71,,,,,,,,,,
Italy,1.51,1.49,1.44,1.41,1.29,1.21,1.34,1.37,1.33,,,,,,,,,,
Japan,0.96,0.99,0.97,0.95,0.97,0.96,0.94,0.93,0.94,,,,,,,,,,
"Korea, Rep.",2.57,2.58,2.61,2.63,2.66,2.64,2.61,2.56,2.66,,,,,,,,,,
Mexico,0.56,0.55,0.58,0.61,0.66,0.66,0.56,0.5,0.54,,,,,,,,,,
Russian Federation,3.85,3.42,3.69,3.85,4.11,4.87,5.4,4.21,3.7,,,,,,,,,,
Saudi Arabia,8.57,7.23,7.68,8.98,10.68,13.33,9.87,10.22,8.59,,,,,,,,,,
South Africa,1.12,1.1,1.13,1.12,1.11,1.1,1.07,1.04,0.99,,,,,,,,,,
Turkey,2.32,2.08,2.05,1.96,1.9,1.85,2.07,2.09,2.46,,,,,,,,,,
United Kingdom,2.35,2.27,2.16,2.04,1.93,1.84,1.79,1.74,1.75,,,,,,,,,,
United States,4.66,4.58,4.23,3.81,3.48,3.27,3.21,3.11,3.16,,,,,,,,,,
,,,,,,,,,,,,,,,,,,,
,Argentina,Australia,Brazil,Canada,China,France,Germany,India,Indonesia,Italy,Japan,"Korea, Rep.",Mexico,Russian Federation,Saudi Arabia,South Africa,Turkey,United Kingdom,United States
2010,0.82,2.03,1.54,1.2,1.9,1.82,1.75,2.75,0.62,1.51,0.96,2.57,0.56,3.85,8.57,1.12,2.32,2.35,4.66
2011,0.76,1.9,1.41,1.2,1.83,1.73,1.68,2.72,0.65,1.49,0.99,2.58,0.55,3.42,7.23,1.1,2.08,2.27,4.58
2012,0.84,1.7,1.38,1.12,1.84,1.7,1.73,2.58,0.71,1.44,0.97,2.61,0.58,3.69,7.68,1.13,2.05,2.16,4.23
2013,0.93,1.58,1.33,1.01,1.88,1.67,1.63,2.55,0.92,1.41,0.95,2.63,0.61,3.85,8.98,1.12,1.96,2.04,3.81
2014,0.95,1.76,1.33,0.99,1.92,1.64,1.62,2.5,0.78,1.29,0.97,2.66,0.66,4.11,10.68,1.11,1.9,1.93,3.48
2015,0.92,1.78,1.37,1.16,1.94,1.65,1.63,2.44,0.89,1.21,0.96,2.64,0.66,4.87,13.33,1.1,1.85,1.84,3.27
2016,0.81,2.18,1.35,1.16,1.94,1.65,1.68,2.47,0.79,1.34,0.94,2.61,0.56,5.4,9.87,1.07,2.07,1.79,3.21
2017,0.85,2.08,1.43,1.3,1.88,1.65,1.75,2.43,0.81,1.37,0.93,2.56,0.5,4.21,10.22,1.04,2.09,1.74,3.11
2018,0.8,1.86,1.49,1.26,1.84,1.62,1.78,2.45,0.71,1.33,0.94,2.66,0.54,3.7,8.59,0.99,2.46,1.75,3.16
,,,,,,,,,,,,,,,,,,,
,,,,,,,,,,,,,,,,,,,
MilitaryperPerson,,,,,,,,,,,,,,,,,,,
Argentina,85,98,109,122,117,127,103,124,93,USD/person,,,,,,,,,
Australia,1054,1191,1153,1073,1098,1010,1091,1126,1069,USD/person,,,,,,,,,
Brazil,174,187,171,164,161,120,118,141,133,USD/person,,,,,,,,,
Canada,568,623,589,528,504,502,492,584,583,USD/person,,,,,,,,,
China,87,103,117,133,147,156,157,164,180,USD/person,,,,,,,,,
France,950,989,914,946,959,831,858,904,952,USD/person,,,,,,,,,
Germany,566,600,578,570,569,487,505,549,597,USD/person,,,,,,,,,
India,37,40,37,37,39,39,43,48,49,USD/person,,,,,,,,,
Indonesia,19,24,26,33,27,30,28,31,28,USD/person,,,,,,,,,
Italy,542,574,504,500,457,366,414,442,460,USD/person,,,,,,,,,
Japan,922,1023,1008,814,771,693,767,750,771,USD/person,,,,,,,,,
"Korea, Rep.",220,242,250,269,295,288,290,309,340,USD/person,,,,,,,,,
Mexico,119,130,139,155,171,152,117,112,127,USD/person,,,,,,,,,
Russian Federation,515,607,695,744,704,545,561,533,486,USD/person,,,,,,,,,
Saudi Arabia,317,339,395,467,562,605,441,487,468,USD/person,,,,,,,,,
South Africa,153,163,154,137,126,110,98,110,108,USD/person,,,,,,,,,
Turkey,350,333,340,348,326,287,318,313,328,USD/person,,,,,,,,,
United Kingdom,803,821,784,749,766,686,603,573,607,USD/person,,,,,,,,,
United States,11123,11245,10750,9975,9439,9153,9149,9171,9758,USD/person,,,,,,,,,
,,,,,,,,,,,,,,,,,,,
Argentina,Australia,Brazil,Canada,China,France,Germany,India,Indonesia,Italy,Japan,"Korea, Rep.",Mexico,Russian Federation,Saudi Arabia,South Africa,Turkey,United Kingdom,United States,
85,1054,174,568,87,950,566,37,19,542,922,220,119,515,317,153,350,803,11123,
98,1191,187,623,103,989,600,40,24,574,1023,242,130,607,339,163,333,821,11245,
109,1153,171,589,117,914,578,37,26,504,1008,250,139,695,395,154,340,784,10750,
122,1073,164,528,133,946,570,37,33,500,814,269,155,744,467,137,348,749,9975,
117,1098,161,504,147,959,569,39,27,457,771,295,171,704,562,126,326,766,9439,
127,1010,120,502,156,831,487,39,30,366,693,288,152,545,605,110,287,686,9153,
103,1091,118,492,157,858,505,43,28,414,767,290,117,561,441,98,318,603,9149,
124,1126,141,584,164,904,549,48,31,442,750,309,112,533,487,110,313,573,9171,
93,1069,133,583,180,952,597,49,28,460,771,340,127,486,468,108,328,607,9758,
,,,,,,,,,,,,,,,,,,,
Education/GDP,2010,2011,2012,2013,2014,2015,2016,2017,2018,,,,,,,,,,
Argentina,0.05,0.053,0.053,0.054,0.054,0.058,0.056,0.055,0.055,,,,,,,,,,
Australia,0.056,0.051,0.049,0.052,0.052,0.053,0.053,0.053,0.054,,,,,,,,,,
Brazil,0.056,0.057,0.059,0.058,0.059,0.062,0.064,0.065,0.066,,,,,,,,,,
Canada,0.054,0.053,0.053,0.053,0.053,0.053,0.053,0.053,0.053,,,,,,,,,,
China,0.04,0.04,0.04,0.04,0.04,0.04,0.04,0.04,0.041,,,,,,,,,,
France,0.057,0.055,0.055,0.055,0.055,0.055,0.054,0.054,0.054,,,,,,,,,,
Germany,0.049,0.048,0.049,0.049,0.049,0.048,0.048,0.048,0.048,,,,,,,,,,
India,0.034,0.038,0.039,0.038,0.037,0.038,0.039,0.039,0.039,,,,,,,,,,
Indonesia,0.028,0.032,0.034,0.034,0.033,0.036,0.037,0.038,0.039,,,,,,,,,,
Italy,0.044,0.041,0.041,0.042,0.041,0.041,0.038,0.038,0.037,,,,,,,,,,
Japan,0.036,0.036,0.037,0.037,0.036,0.036,0.036,0.036,0.036,,,,,,,,,,
Korea,0.052,0.051,0.051,0.047,0.053,0.052,0.049,0.049,0.048,,,,,,,,,,
Mexico,0.039,0.039,0.038,0.039,0.039,0.039,0.039,0.039,0.039,,,,,,,,,,
Russia,0.038,0.038,0.038,0.038,0.04,0.038,0.037,0.037,0.037,,,,,,,,,,
Saudi Arabia,0.05,0.05,0.05,0.05,0.05,0.05,0.05,0.05,0.05,,,,,,,,,,
South Africa,0.057,0.06,0.064,0.06,0.06,0.06,0.059,0.061,0.062,,,,,,,,,,
Turkey,0.031,0.03,0.031,0.031,0.032,0.031,0.031,0.031,0.031,,,,,,,,,,
United Kingdom,0.058,0.056,0.056,0.056,0.057,0.056,0.055,0.055,0.054,,,,,,,,,,
United States,0.039,0.038,0.036,0.035,0.035,0.035,0.034,0.034,0.033,,,,,,,,,,
,,,,,,,,,,,,,,,,,,,
Education/GDP,Argentina,Australia,Brazil,Canada,China,France,Germany,India,Indonesia,Italy,Japan,Korea,Mexico,Russia,Saudi Arabia,South Africa,Turkey,United Kingdom,United States
2010,0.05,0.056,0.056,0.054,0.04,0.057,0.049,0.034,0.028,0.044,0.036,0.052,0.039,0.038,0.05,0.057,0.031,0.058,0.039
2011,0.053,0.051,0.057,0.053,0.04,0.055,0.048,0.038,0.032,0.041,0.036,0.051,0.039,0.038,0.05,0.06,0.03,0.056,0.038
2012,0.053,0.049,0.059,0.053,0.04,0.055,0.049,0.039,0.034,0.041,0.037,0.051,0.038,0.038,0.05,0.064,0.031,0.056,0.036
2013,0.054,0.052,0.058,0.053,0.04,0.055,0.049,0.038,0.034,0.042,0.037,0.047,0.039,0.038,0.05,0.06,0.031,0.056,0.035
2014,0.054,0.052,0.059,0.053,0.04,0.055,0.049,0.037,0.033,0.041,0.036,0.053,0.039,0.04,0.05,0.06,0.032,0.057,0.035
2015,0.058,0.053,0.062,0.053,0.04,0.055,0.048,0.038,0.036,0.041,0.036,0.052,0.039,0.038,0.05,0.06,0.031,0.056,0.035
2016,0.056,0.053,0.064,0.053,0.04,0.054,0.048,0.039,0.037,0.038,0.036,0.049,0.039,0.037,0.05,0.059,0.031,0.055,0.034
2017,0.055,0.053,0.065,0.053,0.04,0.054,0.048,0.039,0.038,0.038,0.036,0.049,0.039,0.037,0.05,0.061,0.031,0.055,0.034
2018,0.055,0.054,0.066,0.053,0.041,0.054,0.048,0.039,0.039,0.037,0.036,0.048,0.039,0.037,0.05,0.062,0.031,0.054,0.033
,,,,,,,,,,,,,,,,,,,
Education Nominal,,,,,,,,,,,,,,,,,,,
Argentina,21264868070,28048977624,29187289635,30011453977,28218313515,34353372950,31066651839,35401294970,28804698054,,,,,,,,,,
Australia,63715785738,70993530384,75415872486,82560700001,75922910956,71933774621,63830868695,70759843719,77547915977,,,,,,,,,,
Brazil,1.25E+11,1.50E+11,1.44E+11,1.44E+11,1.46E+11,1.12E+11,1.14E+11,1.33E+11,1.24E+11,,,,,,,,,,
Canada,86646119556,94367150902,97074881395,97595892244,95663075717,82370169860,81026303430,87379030676,90849775779,,,,,,,,,,
China,2.43E+11,3.02E+11,3.41E+11,3.83E+11,4.18E+11,4.41E+11,4.46E+11,4.86E+11,5.59E+11,,,,,,,,,,
France,1.93E+11,2.07E+11,1.92E+11,2.05E+11,2.14E+11,1.84E+11,1.88E+11,1.98E+11,2.13E+11,,,,,,,,,,
Germany,1.30E+11,1.38E+11,1.32E+11,1.39E+11,1.40E+11,1.17E+11,1.19E+11,1.24E+11,1.33E+11,,,,,,,,,,
India,56597091629,69206274878,70683894202,71384838385,75886331827,80093369755,89176140499,1.04E+11,1.07E+11,,,,,,,,,,
Indonesia,21235362053,28480713916,31276233613,30652050762,29290078234,30849572368,34832308520,39068912988,41015382230,,,,,,,,,,
Italy,92880779208,94981713330,85234347635,89179787700,87990105064,74935715580,71824018734,73708960579,77165918642,,,,,,,,,,
Japan,2.07E+11,2.24E+11,2.29E+11,1.89E+11,1.74E+11,1.60E+11,1.80E+11,1.77E+11,1.81E+11,,,,,,,,,,
Korea,56467628782,61393587012,62401078535,61311862723,74244914789,72391015453,69467591585,74561805941,78129031686,,,,,,,,,,
Mexico,41180204437,45897435724,45821583005,49499369410,50860479900,45148677391,41689718939,44777376708,47212586882,,,,,,,,,,
Russia,58336724201,78487673657,83762771732,86284953116,82508133501,52272026563,48015048591,58831195372,61563909454,,,,,,,,,,
Saudi Arabia,26410360000,33561942005,36798742168,37332356371,37817517367,32713495144,32246777072,34429306667,39326091579,,,,,,,,,,
South Africa,21476519211,24830016465,25252893014,22059432128,21217866231,18918081817,17605371101,21411413086,22691644248,,,,,,,,,,
Turkey,23976812745,25142215163,27311945207,29439444424,29520274926,26903044146,26828921832,26485846088,23959683965,,,,,,,,,,
United Kingdom,1.43E+11,1.50E+11,1.52E+11,1.56E+11,1.74E+11,1.64E+11,1.48E+11,1.45E+11,1.55E+11,,,,,,,,,,
United States,5.86E+11,5.88E+11,5.88E+11,5.94E+11,6.15E+11,6.40E+11,6.43E+11,6.56E+11,6.81E+11,,,,,,,,,,
,,,,,,,,,,,,,,,,,,,
Argentina,21,28,29,30,28,34,31,35,29,Billion USD,,,,,,,,,
Australia,64,71,75,83,76,72,64,71,78,Billion USD,,,,,,,,,
Brazil,125,150,144,144,146,112,114,133,124,Billion USD,,,,,,,,,
Canada,87,94,97,98,96,82,81,87,91,Billion USD,,,,,,,,,
China,243,302,341,383,418,441,446,486,559,Billion USD,,,,,,,,,
France,193,207,192,205,214,184,188,198,213,Billion USD,,,,,,,,,
Germany,130,138,132,139,140,117,119,124,133,Billion USD,,,,,,,,,
India,57,69,71,71,76,80,89,104,107,Billion USD,,,,,,,,,
Indonesia,21,28,31,31,29,31,35,39,41,Billion USD,,,,,,,,,
Italy,93,95,85,89,88,75,72,74,77,Billion USD,,,,,,,,,
Japan,207,224,229,189,174,160,180,177,181,Billion USD,,,,,,,,,
Korea,56,61,62,61,74,72,69,75,78,Billion USD,,,,,,,,,
Mexico,41,46,46,49,51,45,42,45,47,Billion USD,,,,,,,,,
Russia,58,78,84,86,83,52,48,59,62,Billion USD,,,,,,,,,
Saudi Arabia,26,34,37,37,38,33,32,34,39,Billion USD,,,,,,,,,
South Africa,21,25,25,22,21,19,18,21,23,Billion USD,,,,,,,,,
Turkey,24,25,27,29,30,27,27,26,24,Billion USD,,,,,,,,,
United Kingdom,143,150,152,156,174,164,148,145,155,Billion USD,,,,,,,,,
United States,586,588,588,594,615,640,643,656,681,Billion USD,,,,,,,,,
,,,,,,,,,,,,,,,,,,,
,Argentina,Australia,Brazil,Canada,China,France,Germany,India,Indonesia,Italy,Japan,Korea,Mexico,Russia,Saudi Arabia,South Africa,Turkey,United Kingdom,United States
2010,21,64,125,87,243,193,130,57,21,93,207,56,41,58,26,21,24,143,586
2011,28,71,150,94,302,207,138,69,28,95,224,61,46,78,34,25,25,150,588
2012,29,75,144,97,341,192,132,71,31,85,229,62,46,84,37,25,27,152,588
2013,30,83,144,98,383,205,139,71,31,89,189,61,49,86,37,22,29,156,594
2014,28,76,146,96,418,214,140,76,29,88,174,74,51,83,38,21,30,174,615
2015,34,72,112,82,441,184,117,80,31,75,160,72,45,52,33,19,27,164,640
2016,31,64,114,81,446,188,119,89,35,72,180,69,42,48,32,18,27,148,643
2017,35,71,133,87,486,198,124,104,39,74,177,75,45,59,34,21,26,145,656
2018,29,78,124,91,559,213,133,107,41,77,181,78,47,62,39,23,24,155,681
,,,,,,,,,,,,,,,,,,,
Education/person,,,,,,,,,,,,,,,,,,,
Argentina,521,680,699,711,661,796,713,804,647,USD/person,,,,,,,,,
Australia,2892,3178,3317,3570,3234,3020,2639,2876,3103,USD/person,,,,,,,,,
Brazil,638,760,724,718,721,550,554,641,590,USD/person,,,,,,,,,
Canada,2548,2748,2796,2782,2699,2307,2244,2391,2451,USD/person,,,,,,,,,
China,182,225,253,282,306,321,323,350,402,USD/person,,,,,,,,,
France,2973,3162,2931,3111,3228,2757,2817,2962,3187,USD/person,,,,,,,,,
Germany,1588,1714,1646,1720,1733,1434,1441,1502,1599,USD/person,,,,,,,,,
India,46,55,56,56,59,61,67,78,79,USD/person,,,,,,,,,
Indonesia,88,116,126,122,115,119,133,148,153,USD/person,,,,,,,,,
Italy,1567,1600,1432,1481,1447,1234,1185,1218,1277,USD/person,,,,,,,,,
Japan,1620,1755,1795,1483,1368,1259,1415,1398,1430,USD/person,,,,,,,,,
Korea,1140,1229,1243,1216,1463,1419,1356,1449,1513,USD/person,,,,,,,,,
Mexico,361,397,391,417,423,371,338,359,374,USD/person,,,,,,,,,
Russia,408,549,585,601,574,363,333,407,426,USD/person,,,,,,,,,
Saudi Arabia,963,1187,1262,1242,1223,1031,994,1040,1167,USD/person,,,,,,,,,
South Africa,419,477,478,411,389,342,313,376,393,USD/person,,,,,,,,,
Turkey,332,342,366,388,382,343,336,327,291,USD/person,,,,,,,,,
United Kingdom,2276,2374,2385,2428,2686,2522,2254,2202,2329,USD/person,,,,,,,,,
United States,1894,1886,1874,1881,1932,1996,1989,2017,2080,USD/person,,,,,,,,,
,,,,,,,,,,,,,,,,,,,
,Argentina,Australia,Brazil,Canada,China,France,Germany,India,Indonesia,Italy,Japan,Korea,Mexico,Russia,Saudi Arabia,South Africa,Turkey,United Kingdom,United States
2010,521,2892,638,2548,182,2973,1588,46,88,1567,1620,1140,361,408,963,419,332,2276,1894
2011,680,3178,760,2748,225,3162,1714,55,116,1600,1755,1229,397,549,1187,477,342,2374,1886
2012,699,3317,724,2796,253,2931,1646,56,126,1432,1795,1243,391,585,1262,478,366,2385,1874
2013,711,3570,718,2782,282,3111,1720,56,122,1481,1483,1216,417,601,1242,411,388,2428,1881
2014,661,3234,721,2699,306,3228,1733,59,115,1447,1368,1463,423,574,1223,389,382,2686,1932
2015,796,3020,550,2307,321,2757,1434,61,119,1234,1259,1419,371,363,1031,342,343,2522,1996
2016,713,2639,554,2244,323,2817,1441,67,133,1185,1415,1356,338,333,994,313,336,2254,1989
2017,804,2876,641,2391,350,2962,1502,78,148,1218,1398,1449,359,407,1040,376,327,2202,2017
2018,647,3103,590,2451,402,3187,1599,79,153,1277,1430,1513,374,426,1167,393,291,2329,2080
,,,,,,,,,,,,,,,,,,,
Education/Student,,,,,,,,,,,,,,,,,,,
Argentina,3021,3938,4052,4120,3832,4615,4129,4657,3751,USD/student,,,,,,,,,
Australia,9281,10198,10646,11456,10379,9693,8468,9230,9958,USD/student,,,,,,,,,
Brazil,2750,3278,3124,3098,3108,2373,2390,2763,2543,USD/student,,,,,,,,,
Canada,9970,10753,10942,10885,10563,9027,8780,9357,9592,USD/student,,,,,,,,,
China,1137,1404,1578,1762,1912,2007,2019,2188,2508,USD/student,,,,,,,,,
France,9441,10042,9308,9878,10251,8756,8945,9405,10119,USD/student,,,,,,,,,
Germany,9832,10612,10194,10652,10732,8881,8921,9299,9899,USD/student,,,,,,,,,
India,286,346,349,348,366,382,421,484,492,USD/student,,,,,,,,,
Indonesia,918,1215,1316,1273,1200,1248,1392,1544,1602,USD/student,,,,,,,,,
Italy,9275,9468,8474,8764,8568,7304,7013,7207,7559,USD/student,,,,,,,,,
Japan,10273,11127,11381,9404,8678,7983,8974,8869,9069,USD/student,,,,,,,,,
Korea,9207,9934,10044,9824,11822,11466,10953,11706,12226,USD/student,,,,,,,,,
Mexico,2662,2926,2882,3073,3117,2733,2493,2647,2760,USD/student,,,,,,,,,
Russia,3846,5170,5508,5662,5403,3416,3133,3834,4013,USD/student,,,,,,,,,
Saudi Arabia,6016,7416,7884,7759,7641,6442,6209,6497,7289,USD/student,,,,,,,,,
South Africa,2619,2982,2986,2566,2430,2134,1957,2346,2453,USD/student,,,,,,,,,
Turkey,2960,3057,3267,3462,3413,3059,3001,2916,2599,USD/student,,,,,,,,,
United Kingdom,9825,10247,10298,10482,11597,10890,9730,9506,10054,USD/student,,,,,,,,,
United States,11856,11809,11735,11774,12095,12498,12455,12631,13026,USD/student,,,,,,,,,
,,,,,,,,,,,,,,,,,,,
,Argentina,Australia,Brazil,Canada,China,France,Germany,India,Indonesia,Italy,Japan,Korea,Mexico,Russia,Saudi Arabia,South Africa,Turkey,United Kingdom,United States
2010,3021,9281,2750,9970,1137,9441,9832,286,918,9275,10273,9207,2662,3846,6016,2619,2960,9825,11856
2011,3938,10198,3278,10753,1404,10042,10612,346,1215,9468,11127,9934,2926,5170,7416,2982,3057,10247,11809
2012,4052,10646,3124,10942,1578,9308,10194,349,1316,8474,11381,10044,2882,5508,7884,2986,3267,10298,11735
2013,4120,11456,3098,10885,1762,9878,10652,348,1273,8764,9404,9824,3073,5662,7759,2566,3462,10482,11774
2014,3832,10379,3108,10563,1912,10251,10732,366,1200,8568,8678,11822,3117,5403,7641,2430,3413,11597,12095
2015,4615,9693,2373,9027,2007,8756,8881,382,1248,7304,7983,11466,2733,3416,6442,2134,3059,10890,12498
2016,4129,8468,2390,8780,2019,8945,8921,421,1392,7013,8974,10953,2493,3133,6209,1957,3001,9730,12455
2017,4657,9230,2763,9357,2188,9405,9299,484,1544,7207,8869,11706,2647,3834,6497,2346,2916,9506,12631
2018,3751,9958,2543,9592,2508,10119,9899,492,1602,7559,9069,12226,2760,4013,7289,2453,2599,10054,13026
,,,,,,,,,,,,,,,,,,,
Other Spending,,,,,,,,,,,,,,,,,,,
Argentina,3.63E+11,4.54E+11,4.64E+11,4.66E+11,4.47E+11,4.99E+11,4.80E+11,5.59E+11,4.45E+11,,,,,,,,,,
Australia,9.80E+11,1.21E+12,1.36E+12,1.37E+12,1.27E+12,1.15E+12,1.01E+12,1.11E+12,1.20E+12,,,,,,,,,,
Brazil,1.86E+12,2.22E+12,2.07E+12,2.06E+12,2.02E+12,1.40E+12,1.39E+12,1.61E+12,1.43E+12,,,,,,,,,,
Canada,1.37E+12,1.53E+12,1.56E+12,1.57E+12,1.53E+12,1.29E+12,1.26E+12,1.36E+12,1.42E+12,,,,,,,,,,
China,5.26E+12,6.55E+12,7.38E+12,8.27E+12,9.02E+12,9.48E+12,9.53E+12,1.04E+13,1.17E+13,,,,,,,,,,
France,2.88E+12,3.20E+12,2.99E+12,3.16E+12,3.30E+12,2.81E+12,2.90E+12,3.07E+12,3.34E+12,,,,,,,,,,
Germany,2.11E+12,2.31E+12,2.12E+12,2.23E+12,2.25E+12,1.85E+12,1.85E+12,1.93E+12,2.10E+12,,,,,,,,,,
India,1.39E+12,1.51E+12,1.50E+12,1.50E+12,1.67E+12,1.72E+12,1.87E+12,2.19E+12,2.23E+12,,,,,,,,,,
Indonesia,6.78E+11,8.01E+11,8.19E+11,8.08E+11,7.82E+11,7.51E+11,8.11E+11,8.85E+11,9.06E+11,,,,,,,,,,
Italy,1.80E+12,1.95E+12,1.76E+12,1.82E+12,1.84E+12,1.53E+12,1.56E+12,1.63E+12,1.75E+12,,,,,,,,,,
Japan,5.06E+12,5.42E+12,5.44E+12,4.38E+12,4.09E+12,3.62E+12,4.14E+12,4.06E+12,4.14E+12,,,,,,,,,,
Korea,9.38E+11,1.04E+12,1.05E+12,1.13E+12,1.21E+12,1.18E+12,1.20E+12,1.30E+12,1.37E+12,,,,,,,,,,
Mexico,8.52E+11,9.56E+11,9.56E+11,1.01E+12,1.06E+12,9.28E+11,8.36E+11,9.09E+11,9.68E+11,,,,,,,,,,
Russia,1.25E+12,1.73E+12,1.86E+12,1.94E+12,1.68E+12,1.02E+12,9.66E+11,1.23E+12,1.31E+12,,,,,,,,,,
Saudi Arabia,4.78E+11,6.08E+11,6.65E+11,6.72E+11,6.75E+11,5.79E+11,5.72E+11,6.10E+11,7.00E+11,,,,,,,,,,
South Africa,2.92E+11,3.26E+11,3.02E+11,2.73E+11,2.55E+11,2.23E+11,2.01E+11,2.47E+11,2.61E+11,,,,,,,,,,
Turkey,6.29E+11,6.82E+11,7.21E+11,7.92E+11,7.68E+11,6.97E+11,6.99E+11,6.84E+11,5.96E+11,,,,,,,,,,
United Kingdom,1.45E+12,1.61E+12,1.68E+12,1.76E+12,2.04E+12,1.93E+12,1.69E+12,1.65E+12,1.78E+12,,,,,,,,,,
United States,1.20E+13,1.24E+13,1.30E+13,1.35E+13,1.40E+13,1.45E+13,1.49E+13,1.55E+13,1.64E+13,,,,,,,,,,
,,,,,,,,,,,,,,,,,,,
OtherSpendingclean,,,,,,,,,,,,,,,,,,,
Argentina,363,454,464,466,447,499,480,559,445,Billion USD,,,,,,,,,
Australia,980,1214,1357,1374,1267,1151,1008,1114,1205,Billion USD,,,,,,,,,
Brazil,1857,2223,2068,2057,2017,1404,1394,1615,1429,Billion USD,,,,,,,,,
Canada,1366,1528,1558,1573,1530,1290,1258,1362,1417,Billion USD,,,,,,,,,
China,5257,6552,7383,8273,9016,9482,9528,10398,11687,Billion USD,,,,,,,,,
France,2878,3201,2992,3164,3298,2810,2897,3069,3338,Billion USD,,,,,,,,,
Germany,2106,2310,2124,2227,2249,1849,1854,1933,2099,Billion USD,,,,,,,,,
India,1393,1514,1503,1497,1667,1718,1868,2190,2234,Billion USD,,,,,,,,,
Indonesia,678,801,819,808,782,751,811,885,906,Billion USD,,,,,,,,,
Italy,1803,1952,1757,1817,1837,1529,1559,1633,1753,Billion USD,,,,,,,,,
Japan,5059,5424,5435,4383,4088,3619,4137,4057,4144,Billion USD,,,,,,,,,
Korea,938,1036,1049,1129,1215,1176,1202,1303,1370,Billion USD,,,,,,,,,
Mexico,852,956,956,1014,1058,928,836,909,968,Billion USD,,,,,,,,,
Russia,1249,1730,1855,1942,1680,1019,966,1231,1306,Billion USD,,,,,,,,,
Saudi Arabia,478,608,665,672,675,579,572,610,700,Billion USD,,,,,,,,,
South Africa,292,326,302,273,255,223,201,247,261,Billion USD,,,,,,,,,
Turkey,629,682,721,792,768,697,699,684,596,Billion USD,,,,,,,,,
United Kingdom,1454,1614,1679,1761,2043,1927,1695,1655,1781,Billion USD,,,,,,,,,
United States,11951,12414,12965,13463,14028,14530,14865,15511,16400,Billion USD,,,,,,,,,
,,,,,,,,,,,,,,,,,,,
GDP per Capita,,,,,,,,,,,,,,,,,,,
Argentina,10386,12849,13083,13080,12335,13789,12790,14592,11684,USD/Person,,,,,,,,,
Australia,52022,62518,68012,68150,62511,56756,49971,54067,57374,USD/Person,,,,,,,,,
Brazil,11286,13246,12370,12300,12113,8814,8713,9881,8921,USD/Person,,,,,,,,,
Canada,47450,52102,52542,52505,50836,43495,42280,45070,46233,USD/Person,,,,,,,,,
China,4550,5618,6317,7051,7651,8033,8079,8759,9771,USD/Person,,,,,,,,,
France,52229,57304,53721,56558,58567,50464,51852,54688,58931,USD/Person,,,,,,,,,
Germany,32315,35645,33370,34857,35220,29848,30010,31289,33493,USD/Person,,,,,,,,,
India,1358,1458,1444,1450,1574,1606,1729,1981,2010,USD/Person,,,,,,,,,
Indonesia,3122,3643,3694,3624,3492,3332,3563,3837,3894,USD/Person,,,,,,,,,
Italy,36001,38599,35054,35550,35518,30230,30936,32327,34483,USD/Person,,,,,,,,,
Japan,44508,48168,48603,40454,38109,34525,38794,38332,39290,USD/Person,,,,,,,,,
Korea,22087,24080,24359,25890,27811,27105,27608,29743,31363,USD/Person,,,,,,,,,
Mexico,9271,10203,10242,10725,10922,9606,8740,9278,9673,USD/Person,,,,,,,,,
Russia,10675,14351,15435,16007,14323,9463,8887,10925,11473,USD/Person,,,,,,,,,
Saudi Arabia,19263,23746,25243,24845,24464,20628,19879,20804,23339,USD/Person,,,,,,,,,
South Africa,7329,8007,7501,6832,6433,5735,5273,6132,6374,USD/Person,,,,,,,,,
Turkey,10672,11336,11707,12519,12096,10949,10821,10514,9370,USD/Person,,,,,,,,,
United Kingdom,39436,42038,42463,43445,47418,44966,41074,40361,42944,USD/Person,,,,,,,,,
United States,48467,49883,51603,53107,55033,56803,57904,59928,62794,USD/Person,,,,,,,,,
